-1.700892532027108717e-01
1.533142849447133860e-01
3.198706381673011023e-01
2.451050735116475643e-01
-4.919452551967530562e-02
-4.954424743220989802e-01
-6.912944348829180852e-01
-3.218960727068909122e-01
-3.184958193948186911e-02
-4.150971137356659346e-01
-8.631210541142830817e-01
-7.316260749880909575e-01
-4.046584905307747393e-01
-3.228071286141489526e-01
-3.678309539595325250e-01
-3.669365709256691699e-01
-3.896360584228716895e-01
-5.010632471941901533e-01
-4.974573190664733913e-01
-1.884717697272016157e-01
1.272492799021777421e-01
1.524579340975310282e-01
6.512333269798864510e-02
6.759509070716754331e-02
1.183616287197658545e-01
1.461997436693626140e-01
1.713461675961588382e-01
1.909777443773359451e-01
5.038916130705022034e-02
-3.676807007422349116e-01
-6.914739960383882167e-01
-5.448660428955789392e-01
-2.304257837553833899e-01
4.231970257615716435e-02
2.043637250996995502e-01
2.009677365414931915e-01
-3.636970705207935237e-03
-4.124803389481166982e-01
-6.737265204560103360e-01
-5.010228690951749053e-01
-3.801111189297990967e-01
-7.462564513130696131e-01
-1.065565332549798683e+00
-7.808781856122262166e-01
-3.333779875030031814e-01
-2.139595163696366154e-01
-3.228424992569831065e-01
-4.832340103880470306e-01
-5.843369105315029399e-01
-5.330902910826527119e-01
-3.268437145100246966e-01
2.636117316415271042e-02
3.426558361610375636e-01
4.433166219988857737e-01
3.923565164943734196e-01
2.687483167856302702e-01
1.774952133993548675e-01
1.870780815158249177e-01
1.977151789925898906e-01
8.774200864015738177e-02
-1.553878596981577154e-01
-5.003721717775051481e-01
-7.094520073524418491e-01
-5.521285020384603115e-01
-1.464995611160137268e-01
1.542191517861954408e-02
4.050269645589647804e-02
-4.661742059852779646e-02
-2.385196991953379420e-01
-5.209091267347540910e-01
-7.076038590124384964e-01
-6.496133143682292221e-01
-6.374012789014620317e-01
-9.053888793001740876e-01
-1.049710073082976258e+00
-6.634510072574331119e-01
-1.792652818709363771e-01
-6.614800766587211611e-02
-2.284577344741215432e-01
-4.847190420370104391e-01
-5.964725377724138244e-01
-3.679955092906391778e-01
-5.815719312209755021e-03
2.838565931925884356e-01
5.010200480666339162e-01
6.443815706326696535e-01
6.142241114506949984e-01
3.198389573505032724e-01
5.867689849511776440e-02
9.809829951663059933e-02
1.960207025717092821e-01
7.659583831362312689e-02
-2.014617212651104161e-01
-5.138432623820132772e-01
-6.559487532674402877e-01
-4.522735892222185528e-01
-1.885740336923321173e-02
-2.524291783671904488e-02
-2.128141593924417485e-01
-4.730200103789992672e-01
-7.415882697409200697e-01
-9.537561055842727065e-01
-1.013112833427668225e+00
-8.351632376800619539e-01
-6.549590807469809484e-01
-6.626782982131627087e-01
-6.371812417777364956e-01
-3.511893892890549651e-01
-4.889606033239065480e-02
8.575979685683049686e-04
-1.148592057754422302e-01
-2.574714280586285486e-01
-2.696143220927873507e-01
-3.746289380180918560e-02
2.165773097154226057e-01
2.870441728943143311e-01
3.245629389416743171e-01
4.628559670461891429e-01
4.870846307155242694e-01
1.900758540183955514e-01
-8.836489265762648149e-02
-7.323910236298905238e-03
2.145267693001889076e-01
3.004650489050674222e-01
1.708511220455155577e-01
-1.787837124086612273e-01
-4.198450935004002238e-01
-2.622752211507174414e-01
-2.328629369451542391e-02
-7.751596594847022514e-02
-3.355087435351350456e-01
-7.320619414016720228e-01
-1.083657128239275735e+00
-1.201612247441944614e+00
-1.096072223850790284e+00
-7.829550253075641120e-01
-4.544065592446960844e-01
-2.656891714395689386e-01
-1.438039502625269306e-01
-1.427993133797132025e-02
4.757774407295652791e-02
-3.743130066027638286e-02
-1.228133461607323340e-01
-5.390251486242531032e-02
1.205333656332246983e-01
3.106577382323626457e-01
3.632806080990113595e-01
1.647427150027140352e-01
-1.740884010797187284e-02
5.679453057248667891e-02
1.490388364930825549e-01
2.070246163970287934e-02
-1.093211880775296491e-01
1.210016195435976646e-02
2.882878570422530151e-01
5.530368998769226163e-01
5.749541369925528222e-01
1.822411975956398922e-01
-2.007953011719162129e-01
-1.757375806314100675e-01
-2.868273005463734537e-01
-1.426905700699777624e-01
-1.634422555359109630e-01
-5.362049435827593857e-01
-8.722927865557772442e-01
-7.748903290482284101e-01
-4.731602535458153680e-01
-2.252878195764994596e-01
-6.194521682738034218e-02
3.688600405672247395e-02
1.172385692338462626e-01
1.848134952193194458e-01
1.227066233450384847e-01
-1.539279388628178036e-01
-3.290424305752711054e-01
-9.372410061890712463e-02
2.957985951795225610e-01
5.266354847869247902e-01
4.694954981745464995e-01
6.195107171444446531e-02
-3.305289934230463134e-01
-3.641028620410671213e-01
-2.051500519929047028e-01
-4.280033784660727814e-02
1.022477836968539999e-01
2.562506716374588489e-01
4.418013269637865448e-01
6.334859604924156784e-01
6.347271203934162775e-01
2.627018392165502703e-01
-1.687634834062459177e-01
-3.353708279126133007e-01
-5.385241117887451523e-01
-3.179095506056996423e-01
-1.470795375104959335e-01
-3.431115983870514641e-01
-4.943075850609773836e-01
-1.795273098534083123e-01
2.463040780385110651e-01
3.856894154329666979e-01
3.314419903349272722e-01
2.330804071390974452e-01
1.963848542016437548e-01
2.561665371673392255e-01
2.053603803462540900e-01
-1.198527075791264301e-01
-3.498064655046599358e-01
-1.125886742342707691e-01
3.052440929835503192e-01
5.456422844139094952e-01
4.460233525875485494e-01
-7.317115803658008621e-02
-5.564441993066838732e-01
-5.636008383855799497e-01
-2.865752202000506621e-01
4.721622203756691005e-02
3.302186873945218704e-01
5.051197337594591774e-01
6.188250454753995156e-01
6.851313511908028175e-01
6.188723376987419478e-01
3.140580589940403788e-01
-9.089942058702110694e-02
-4.283218623916914547e-01
-4.836619572472453110e-01
-6.511887749483562526e-01
-6.768142865715888190e-01
-5.767839932912447454e-01
-3.402392127148115009e-01
5.450871128447171143e-02
4.259133464886056819e-01
5.827158611076970196e-01
5.411248218649091779e-01
3.426992375490384712e-01
1.896591591480205063e-01
2.414066141492868800e-01
3.229143017827412199e-01
2.540455439786390990e-01
1.475129521632381757e-01
1.419643945825094788e-01
2.246797562754640487e-01
3.191243911952598711e-01
1.966686270342485887e-01
-2.987591039198994602e-01
-6.472144345629630147e-01
-3.535669986097752515e-01
1.172037269351733357e-01
2.857583179451944067e-01
3.380197235449406978e-01
5.140155964987236370e-01
7.229878579542328154e-01
8.152003232529412280e-01
7.743690143537710346e-01
5.777155796252138042e-01
2.641642486157641523e-01
-1.341491779709081400e-01
-1.822630809576961108e-01
-8.060268598479389812e-01
-1.148178327589278291e+00
-8.384470493437374827e-01
-2.993328461272155572e-01
5.549682266408417775e-02
2.867875088466783073e-01
4.905601928789927180e-01
5.628560712032697477e-01
3.880469204677520212e-01
2.138237475049981351e-01
2.830394927018257123e-01
4.775632207105569016e-01
6.277246856114433449e-01
6.175955368729622030e-01
3.707113360765423860e-01
1.200163878209487833e-01
5.144137527054724879e-02
-7.610586973877009331e-02
-4.494129775733031185e-01
-5.827348224754305139e-01
-3.032745702053631434e-02
5.200610473824825997e-01
3.994299005860009188e-01
1.320484396100420621e-01
2.892237116458058477e-01
6.076612468864180938e-01
7.470670981580529446e-01
7.691551412140743560e-01
7.575268526238920774e-01
6.505127297716601920e-01
3.301578173262438298e-01
2.607068079202659039e-01
-4.634178935204037453e-01
-9.430667074750642698e-01
-6.979261119147522896e-01
-2.179689322972495069e-01
6.619211538888379945e-03
1.095246982411788583e-01
2.789815716246797916e-01
4.087770773789336509e-01
3.714296763268256640e-01
3.363856377230866612e-01
4.674219500924788884e-01
6.280535516037055732e-01
6.453149229355616967e-01
5.206577832705543418e-01
2.774913663412617026e-01
5.134018853686750372e-02
-5.621832950317472155e-02
-1.656825270371280467e-01
-3.533846860868565809e-01
-3.398218168061411526e-01
1.071286183157777461e-01
4.362141771492245024e-01
1.358743916298464915e-01
-2.397290267115886886e-01
-1.200339862208378572e-01
1.569391451882042321e-01
2.157336928002970555e-01
2.624281916228013434e-01
5.305478646224921491e-01
7.804749663010830396e-01
6.971776709050132581e-01
6.097358221704631820e-01
-9.113118325704159736e-03
-5.065049346690408960e-01
-4.430098291793461152e-01
-1.800848464575853236e-01
-8.948289145144848467e-02
-5.985967749385576187e-02
7.391403015734095139e-02
2.364400135555584370e-01
3.336678358664962873e-01
4.217919225968381758e-01
5.456223853387041078e-01
5.927927184749637313e-01
4.454856422421407114e-01
2.557344309104516711e-01
1.680607568688007314e-01
1.126887016992138280e-01
3.902846816221320746e-03
-1.111259561543783692e-01
-1.566722444132265246e-01
-9.473799263033046147e-02
6.939151964796427818e-02
8.668860004271126962e-02
-2.451040135178488288e-01
-5.456317512852182361e-01
-4.498588618944650008e-01
-2.752382945632923517e-01
-3.223212683157637981e-01
-2.834608588012396124e-01
1.696748693278563036e-01
6.892639245695331152e-01
8.531778851760211113e-01
6.915692121041949747e-01
1.969935223560041193e-01
-2.892959499896336495e-01
-3.623555505204363314e-01
-2.644671790962939695e-01
-2.526605738458024275e-01
-2.261966197029372794e-01
-4.195480372742416142e-02
1.838783931484609668e-01
3.130862174733779479e-01
3.434881074187704497e-01
2.892563106636375503e-01
2.243617671363625776e-01
2.126735639052104998e-01
2.561747131433823599e-01
3.309536499589222913e-01
3.339515738414468582e-01
1.784652693184818062e-01
1.929348107313900995e-02
1.908969732814379218e-03
1.544758884464569708e-02
-7.396334793992269396e-02
-2.549527791855380476e-01
-4.759392034195192300e-01
-5.916592828126701065e-01
-4.834622704501699841e-01
-3.703746077324422403e-01
-4.301571256015161993e-01
-4.068700427157375121e-01
-2.832624841383813916e-02
4.614171501105386319e-01
7.510938335273069644e-01
7.905652682505279749e-01
4.074705209885858270e-01
-5.022091307027404250e-02
-2.152626206361903938e-01
-2.494733056233803814e-01
-3.278182851250406316e-01
-3.199073463030391862e-01
-6.860932705401007192e-02
2.290989522157050318e-01
3.485035018800755058e-01
2.711574672744024306e-01
3.159174421783779441e-02
-1.028695439863276384e-01
9.634480214224655503e-02
3.692194067386858070e-01
4.348102106307957238e-01
3.448599633221975935e-01
1.956342909117949613e-01
1.146407439933782024e-01
1.722976617728813886e-01
1.530478098895572681e-01
-1.451766123757830540e-01
-4.877519226351698101e-01
-6.158979267251669665e-01
-5.828546425412990395e-01
-4.737917799220864312e-01
-4.035893978816845751e-01
-4.310999794654747919e-01
-3.859510290214706041e-01
-8.588315730305332019e-02
3.406323569860180145e-01
7.074535213493740038e-01
1.104676296017268688e+00
8.402352996175436184e-01
4.631381098675519947e-01
2.475826020934361882e-01
7.922367394498727733e-02
-1.601390502173289931e-01
-2.612284289377573288e-01
-5.134210994812008974e-03
3.389384049170169888e-01
4.718006054564258811e-01
3.769267317224023195e-01
1.061931569469025533e-01
-3.814153877059035802e-02
1.766240705805964539e-01
3.584932728174735073e-01
1.280860388610875478e-01
-1.775393137278696853e-01
-1.720942998994091644e-01
7.083594930023551228e-02
3.822881587780542767e-01
4.392320149797197537e-01
-2.033951322942191206e-02
-5.635751393725478842e-01
-7.530188024019626170e-01
-7.231387607823160923e-01
-6.543730484749564758e-01
-6.246533746846028023e-01
-6.303806878008861858e-01
-5.016250441787449832e-01
-6.416357546228038111e-02
4.945574365687399054e-01
9.419342579426812634e-01
1.121499641690173243e+00
9.969510470690985393e-01
7.991558564164851219e-01
6.638057014183380566e-01
4.664032389455927685e-01
9.850496077509679482e-02
-1.226517482116299129e-01
1.137628826955905392e-01
4.860317149448430962e-01
6.359454151645280717e-01
5.554497955592776481e-01
3.041059204577704067e-01
1.336459470565922181e-01
2.141165151001191980e-01
1.823370209526247732e-01
-2.878545852070682476e-01
-7.163806667032939224e-01
-5.808433551305052234e-01
-1.049930632572755040e-01
3.873852560501730991e-01
5.336120836117738131e-01
5.141786536146231157e-02
-5.812662168200367629e-01
-8.825759636136294439e-01
-9.186207925834942722e-01
-8.129770538353946474e-01
-7.137624647951837931e-01
-6.813692981319107167e-01
-5.152420424610819616e-01
-1.031429141064364383e-02
5.818310487985951518e-01
9.755412356080066516e-01
3.229413454228522440e-01
3.525265555443339305e-01
4.600877904801886631e-01
6.205044126207099886e-01
6.154884748186455479e-01
2.744262307043756621e-01
1.668588540841033432e-02
2.448734528396606658e-01
6.254838724753271073e-01
7.710573987159867748e-01
6.775685281108185798e-01
3.972433861286331913e-01
1.252538138072974983e-01
-6.887509971851881732e-04
-1.518082789592337112e-01
-4.815617345655999193e-01
-7.468846545672875870e-01
-6.704218694520114319e-01
-3.754402005079993110e-01
-3.511865256828426707e-02
1.017128190829778844e-01
-1.768019228237145413e-01
-6.278165670799427112e-01
-9.695352748317253022e-01
-1.038170153657839379e+00
-7.221266378165012156e-01
-3.624944442330635397e-01
-2.550414621876069265e-01
-1.988956606983252606e-01
2.733762464409754400e-02
2.665515719225765023e-01
3.339445881009597272e-01
-6.671477571192794276e-01
-5.761945086965905016e-01
-2.311722749952356826e-01
2.354672463068779309e-01
4.991391760848554737e-01
3.061208073550210074e-01
9.243486043252520379e-02
2.829626516804204517e-01
6.224162080224517890e-01
7.873130625709073849e-01
7.425792661458221477e-01
4.847020135247937511e-01
1.350392785827189968e-01
-2.009896429372607929e-01
-4.447094353367930242e-01
-5.316066688685767705e-01
-5.463736116015953659e-01
-5.556378319324675186e-01
-5.431896231047392831e-01
-4.797920762570078712e-01
-4.376449183448243296e-01
-5.048597960723961720e-01
-7.134214142483237264e-01
-1.027123172160227416e+00
-1.097813051854833244e+00
-6.156594317074468581e-01
-7.341012692509039927e-02
4.353332940848846089e-02
-3.759354366724923513e-02
-6.312815225555690191e-02
-1.486777021144294886e-01
-4.311787096026813426e-01
-1.150079702820583583e+00
-1.190634296676258419e+00
-8.790399670080359940e-01
-3.190124248701898257e-01
1.253793466518688948e-01
1.535657781132129807e-01
5.600297796909402270e-02
1.418885408184862862e-01
3.618602039229763534e-01
6.033865875776353027e-01
7.475388231056833144e-01
6.664525434910544277e-01
3.701322443849585087e-01
-1.099995794733098498e-01
-4.955116024887630810e-01
-5.328004843913718425e-01
-4.221150820378130053e-01
-3.777873724730395066e-01
-4.255826588565688740e-01
-5.437585352153531115e-01
-6.524433193713459200e-01
-6.967282870681684726e-01
-7.961885496369276449e-01
-1.021266996361906099e+00
-1.082604519982383273e+00
-7.124704214033733551e-01
-3.370968803648667356e-01
-3.607711751811781276e-01
-4.718423678664061538e-01
-3.591883173803419593e-01
-3.346869478288089228e-01
-7.205873114099164978e-01
-1.071662757449733050e+00
-1.292760455714625945e+00
-1.199526973819772024e+00
-7.514812919107527467e-01
-2.749603792514875855e-01
-6.388019478261296180e-02
-2.269360616426496086e-02
-8.308174229255147619e-03
1.010071257719756532e-01
3.817041212898925062e-01
6.656796955562012119e-01
7.469706793082855345e-01
5.623989347494537938e-01
8.538148814136792275e-02
-3.512338448619802822e-01
-4.336395816793592317e-01
-3.148338649936817668e-01
-1.895055629539815767e-01
-2.008477579106632827e-01
-4.340273049264719019e-01
-6.774872789884465174e-01
-7.305862013403606747e-01
-7.310942999218552618e-01
-8.127799324241523626e-01
-8.680953136380236135e-01
-7.816997396773414097e-01
-7.318771914385429067e-01
-8.605160959088909989e-01
-8.972919332063311604e-01
-5.970710891402725151e-01
-3.720991240375184361e-01
-6.346359313830070015e-01
-5.042128579021524226e-01
-7.926020719891582189e-01
-9.651322236434556334e-01
-7.766803363925993686e-01
-4.487372211547489553e-01
-2.112102121292890877e-01
-7.701318902319684301e-02
-9.684047005189806365e-03
8.757554338065502708e-02
2.864295642203403824e-01
4.810094323314848541e-01
5.377247357230728886e-01
4.347520958949468994e-01
1.666537557184242790e-01
-9.450626135376391512e-02
-1.837407812878527336e-01
-1.363600330015261042e-01
-3.048774239179492460e-02
-6.448837679563723668e-02
-3.839827196031989631e-01
-6.691652206070521913e-01
-6.004953304637283829e-01
-3.899433915727582023e-01
-2.871490381419278259e-01
-3.446951558083634626e-01
-5.602190014792514106e-01
-7.639093410655786176e-01
-7.877316541611871781e-01
-6.806186543673051759e-01
-5.051094114115055600e-01
-3.641213773980546131e-01
-3.557966466308258302e-01
-6.146411998007087624e-02
-2.668765443048424224e-01
-4.869820879257357182e-01
-4.260669486985441679e-01
-2.576177342864330311e-01
-1.728553563351371003e-01
-1.110028791679285864e-01
2.139009179358540222e-02
1.868251637417629452e-01
3.239160070494478960e-01
3.872907884688403524e-01
3.352292912424801319e-01
2.340607416444512867e-01
1.393425666831517029e-01
4.830148740712345012e-02
-4.205988240230053299e-02
-7.585886162976079872e-02
-2.300613000230830596e-02
-6.753919179836068154e-02
-3.542979551620826784e-01
-5.655796211715169441e-01
-3.785179868857107000e-01
-3.558759880973779571e-02
1.689730916590592713e-01
1.230300722359589094e-01
-2.095157217851065790e-01
-4.760438187622246242e-01
-3.658451180544708969e-01
-1.822431893084893451e-01
-2.250324118899109660e-01
-2.866638550919730077e-01
-1.498681729326505341e-01
-2.647787889460270216e-01
-2.314978844571166650e-01
-8.603133915729992143e-02
1.854090347038435671e-01
3.205304494330860621e-01
9.278909245274316597e-02
-1.484860780011687531e-01
-4.599413769614456304e-02
2.286756921378001461e-01
4.501710425920610881e-01
5.279383294221340339e-01
4.055241218884468868e-01
2.082422822276275842e-01
4.337115632600072740e-02
-9.831382317136720672e-02
-2.318148325040916835e-01
-3.028919878227238072e-01
-2.578592241393297124e-01
-2.077365029795996687e-01
-2.443336954679606321e-01
-2.549342867478443520e-01
-1.171447917408249828e-01
6.929055633319988750e-02
1.831149894194620820e-01
1.894127897629616641e-01
8.242150228599061379e-02
9.881567586576094075e-03
9.093649986562835075e-02
1.622377980360906191e-01
5.474736324564438705e-02
-1.187544832485218221e-01
-2.258436711762287774e-01
-6.730804602218047883e-01
-4.246481163660150715e-01
5.342884337628550639e-02
4.679238833053700475e-01
5.624665346463308957e-01
1.641077637138555201e-01
-2.347876383064552153e-01
-1.569173668908635799e-01
1.730947986220774115e-01
4.650010107722510888e-01
5.878265204892010320e-01
4.548352926271632679e-01
2.022147178006713508e-01
-4.899228651676007518e-02
-2.652026520582082547e-01
-4.242634250758124947e-01
-5.009361432472848596e-01
-4.476755292893597193e-01
-2.820016252711183835e-01
-3.013775679838335414e-02
1.494734008022807759e-01
1.169967140924499382e-01
1.586953691230765656e-02
3.900876832165302115e-03
9.601282070405892100e-02
2.713405422883388152e-01
4.052133113358646899e-01
3.804617103001125544e-01
2.738350848904919643e-01
1.418505042873063615e-01
-8.688476659161926963e-02
-4.578224816355719318e-01
-8.001222900870319510e-01
-5.265205771582701644e-01
-1.759109654258090571e-01
-6.461158792172778942e-02
-1.461199656701349658e-01
-3.146800011945014575e-01
-3.947763502102963340e-01
-2.385936393021298452e-01
1.392074026446933101e-02
2.061610977984651427e-01
2.777698192547536360e-01
1.893836309481677638e-01
3.929668722351403742e-02
-8.848972538096938623e-02
-2.008347105767054885e-01
-3.088184798895458605e-01
-3.699445808364597577e-01
-3.097409146330481478e-01
-8.729837332963019669e-02
2.955666651349471152e-01
5.103573023219486471e-01
2.633331926204757201e-01
-6.877292235018464539e-02
-9.242915883310678926e-02
9.277330671186934108e-02
3.232749024154886741e-01
4.524198181901244453e-01
3.616265872838881901e-01
1.502850083797082348e-01
-9.734555512809375810e-02
-3.823855180299707834e-01
-6.861314510871118211e-01
-7.261664362802191519e-01
-5.263600938268049312e-01
-4.396334274046451718e-01
-6.603309148259672856e-01
-8.792455446999706270e-01
-7.726238798162790022e-01
-5.120722371985525490e-01
-2.942169103464408186e-01
-1.408627489797867338e-01
-4.518198348711446877e-02
-1.836698186882364248e-02
-7.517983901704777816e-02
-1.352013509192721286e-01
-1.309737184732434889e-01
-1.307849756664307694e-01
-1.918719900172166648e-01
-2.018905284360733576e-01
-2.766008342422427921e-02
2.806140597062535824e-01
6.163704526097238956e-01
7.061437771988979817e-01
3.235074051062163392e-01
-9.070673589562880390e-02
-1.032529994821280162e-01
8.755474882013587756e-02
2.312714541721744288e-01
2.752547058702131677e-01
1.929700113244630366e-01
-1.691073898392925906e-02
-3.553450763898391429e-01
-6.676390600423465216e-01
-7.878536408159904081e-01
-5.947974212036728492e-01
-4.498611888668465619e-01
-3.990306195783370757e-01
-5.493164470277719369e-01
-6.948019347593963335e-01
-6.245040564272122952e-01
-4.589722239804024939e-01
-3.236736116350472647e-01
-1.864551089596333533e-01
-8.550530801541729453e-03
9.160035945786483558e-02
-4.361586415764492040e-03
-1.563711107382669829e-01
-2.298215012914820166e-01
-2.915374639889366515e-01
-3.827637224606432742e-01
-2.914564229018501429e-01
1.797718254907532121e-01
6.696418985423833181e-01
7.908349398990350831e-01
6.201976198272567409e-01
2.788392481613785057e-01
-1.553051228821516680e-02
-8.945127080954000387e-02
-4.863027251233563442e-02
-5.295590515371166075e-03
3.053691307929334853e-02
5.032991501283895497e-02
-4.162462564214845784e-02
-3.273510784361237103e-01
-6.092116976277039964e-01
-6.783709175665102453e-01
-4.844316172697373801e-01
-2.875282039019586566e-01
-1.078971105609848602e-01
-6.456568506981343047e-02
-1.170299616316110708e-01
-2.117188711645127119e-01
-2.902592447032086298e-01
-2.861034023892736755e-01
-1.455066135997435950e-01
1.529212526082890378e-01
3.489009430324711003e-01
1.935066350431922655e-01
-1.040737288247013947e-01
-3.270790255746373054e-01
-4.947887666854172695e-01
-6.013084843012280745e-01
-4.173889978558305014e-01
2.464868644619766791e-01
8.208929350868167107e-01
7.455289839579569700e-01
3.782840021268623620e-01
1.125859225718588152e-01
-4.497950872855617510e-02
-1.516832818986077192e-01
-2.099032311915942084e-01
-1.890012453331419984e-01
-8.514702717133811050e-02
8.035686694229052240e-02
1.183520114194546724e-01
-1.384064326103891240e-01
-4.500698981034480517e-01
-5.574711520741305604e-01
-4.102471490641754759e-01
-8.694195861884287946e-03
3.267470648792946131e-01
3.529606126207714412e-01
2.101961600071558245e-01
5.079920357318148949e-02
-7.622088060629614303e-02
-1.309448224376904002e-01
-3.906837803829520117e-02
2.440747736407332669e-01
4.370338035239641483e-01
2.644196179565873051e-01
-7.304764706593955270e-02
-3.518657645352039620e-01
-5.228029535486180546e-01
-5.360231371532278022e-01
-3.258905268298033509e-01
1.495432049157989218e-01
5.211991398079930393e-01
4.311732588450120085e-01
1.118262832907661319e-01
-1.756078948936834194e-01
-3.479770796013400558e-01
-3.632471387297333543e-01
-2.872616238344283257e-01
-1.542505112819952950e-01
6.603391222792959203e-02
3.681145750602678457e-01
4.501273576659768905e-01
3.686560719680737064e-02
-4.594288862796660489e-01
-5.955882756445287640e-01
-2.638454413946183519e-01
3.086903303421144606e-01
6.751435093384078323e-01
5.129139232899198042e-01
1.884252390691884271e-01
6.799316094161308999e-02
7.102814237418700327e-02
7.572182143733435788e-02
1.202810098577271336e-01
2.502794416948072032e-01
3.243002562780474829e-01
1.900070172179637029e-01
-6.334829993670081094e-02
-3.191960373062099343e-01
-4.522406649400235734e-01
-3.529919025858628268e-01
-1.469024306439822292e-01
3.948139959532172283e-02
1.512279265664947525e-01
1.339749747403831126e-01
-3.616070811959777587e-02
-3.643368110240430280e-01
-6.209260041839743671e-01
-5.789936603510275059e-01
-3.667299578442583252e-01
-1.014116647756096584e-01
2.327186930269280196e-01
6.129082067190578798e-01
6.690376667180316650e-01
7.184131245883897121e-02
-5.754402780736905809e-01
-6.401989610137246434e-01
3.292337318465435314e-02
5.623810778952262890e-01
7.317927397155865599e-01
3.237041280569825097e-01
-1.453834064403331516e-01
-1.764985441468984173e-01
4.001431005372399485e-02
2.436276444575672384e-01
3.112411525762025510e-01
1.794088810036486570e-01
2.143001823468967601e-02
-1.736573520049648073e-02
-6.870600845550303704e-02
-2.556912061672411696e-01
-3.833445846819916181e-01
-2.507526768815400153e-01
-4.753484025262225132e-02
3.080706654335668010e-02
5.516072272988684771e-02
9.710787592472186480e-02
3.555285147039427551e-02
-2.510680259663603531e-01
-5.516683029933142635e-01
-6.316096346220234636e-01
-5.104137861582367375e-01
-2.127837877653361298e-01
1.758313057193952034e-01
5.278924655612966532e-01
5.165829029215200929e-01
-1.127264598058982381e-01
-6.863967140388325117e-01
-5.287748165704484471e-01
2.266999553403094003e-01
6.342315016106729875e-01
6.193546533133313936e-01
1.033518232264017678e-01
-4.143512631878113472e-01
-4.520566391732198097e-01
-1.528313157347914730e-01
2.503227479930342225e-01
4.049880598315404590e-01
5.084537531110293329e-02
-3.303811685437522128e-01
-2.831316427985802742e-01
-1.343726174017177977e-01
-2.313444465191055732e-01
-3.507440240840968282e-01
-2.326952171787081691e-01
-5.775014530510187705e-02
-2.114054101266357732e-02
-8.686099384050002814e-03
9.648910396725182692e-02
1.388457985483576018e-01
-5.183942800103208404e-02
-3.302120059261157703e-01
-5.158254768850096816e-01
-5.228672485009024928e-01
-2.807299905850422772e-01
6.577521478000068755e-02
3.295511009549388359e-01
2.575414268147772079e-01
-3.133565507900711311e-01
-7.434147705418538976e-01
-4.134529716785720899e-01
7.398846060593027019e-02
4.215624672592374056e-01
4.618161147301600988e-01
1.351898138598736643e-01
-2.934834375635356762e-01
-5.429655396967232317e-01
-4.653109568657602391e-01
-7.863797954529745671e-03
2.630249950941705439e-01
-1.425543143673690949e-01
-6.158545321199202505e-01
-5.404451370657926690e-01
-2.920968571979648543e-01
-2.912757815454075638e-01
-3.603176065988744625e-01
-2.748149341977804139e-01
-1.886730102529193820e-01
-2.588545663067639557e-01
-2.872228976680987755e-01
-8.076628216160761098e-02
1.123826133956634943e-01
3.414739620323399560e-02
-1.490768166697311881e-01
-2.379436577833368149e-01
-2.160025541523188930e-01
-8.911484420274284890e-02
9.176509429197940437e-02
2.424922179077279027e-01
1.462477865335945482e-01
-3.481585375623813539e-01
-7.185850697212052829e-01
-4.530618123333035596e-01
